-1.744 0.586
-1.734 0.551
-1.689 0.551
-1.696 0.591
-1.649 0.587
-1.641 0.549
-1.599 0.533
-1.599 0.576
-1.562 0.596
-1.517 0.597
-1.472 0.591
-1.465 0.551
-1.510 0.551
-1.552 0.551
-1.554 0.515
-1.559 0.478
-1.607 0.489
-1.599 0.446
-1.592 0.402
-1.592 0.359
-1.634 0.370
-1.640 0.415
-1.686 0.398
-1.681 0.355
-1.727 0.358
-1.734 0.410
-1.607 0.316
-1.559 0.315
-1.536 0.323
-1.547 0.370
-1.506 0.391
-1.506 0.424
-1.462 0.435
-1.428 0.449
-1.424 0.400
-1.460 0.397
-1.552 0.421
-1.566 0.262
-1.517 0.263
-1.533 0.226
-1.569 0.211
-1.579 0.174
-1.614 0.172
-1.655 0.199
-1.663 0.163
-1.700 0.182
-1.719 0.218
-1.612 0.249
-1.470 0.237
-1.439 0.205
-1.398 0.222
-1.424 0.261
-1.380 0.281
-1.356 0.248
-1.313 0.261
-1.289 0.301
-1.256 0.283
-1.266 0.251
-1.281 0.208
-1.238 0.187
-1.194 0.177
-1.154 0.168
-1.116 0.191
-1.150 0.225
-1.104 0.247
-1.080 0.265
-1.080 0.306
-1.122 0.326
-1.135 0.295
-1.218 0.233
-1.248 0.330
-1.290 0.347
-1.301 0.387
-1.308 0.431
-1.356 0.434
-1.348 0.391
-1.338 0.352
-1.338 0.308
-1.247 0.388
-1.206 0.371
-1.163 0.404
-1.129 0.435
-1.121 0.464
-1.165 0.468
-1.204 0.431
-1.204 0.551
-1.204 0.591
-1.248 0.591
-1.248 0.551
-1.291 0.554
-1.320 0.528
-1.338 0.569
-1.338 0.612
-1.330 0.656
-1.304 0.685
-1.330 0.699
-1.330 0.743
-1.338 0.786
-1.312 0.786
-1.383 0.788
-1.375 0.743
-1.375 0.699
-1.375 0.656
-1.381 0.588
-1.428 0.591
-1.420 0.551
-1.368 0.526
-1.363 0.478
-1.313 0.480
-1.295 0.602
-1.185 0.672
-1.144 0.675
-1.114 0.690
-1.166 0.722
-1.215 0.707
-1.252 0.736
-1.211 0.757
-1.158 0.595
-1.114 0.591
-1.080 0.591
-1.080 0.551
-1.114 0.551
-1.159 0.550
-1.020 0.448
-1.009 0.413
-0.965 0.413
-0.972 0.453
-0.927 0.453
-0.920 0.412
-0.875 0.413
-0.883 0.453
-0.838 0.453
-0.830 0.413
-0.786 0.413
-0.793 0.453
-0.748 0.453
-0.741 0.413
-0.696 0.410
-0.703 0.366
-0.703 0.323
-0.703 0.279
-0.696 0.236
-0.738 0.223
-0.741 0.185
-0.696 0.180
-0.653 0.180
-0.606 0.196
-0.562 0.196
-0.517 0.196
-0.472 0.196
-0.427 0.196
-0.382 0.197
-0.353 0.225
-0.290 0.212
-0.257 0.180
-0.211 0.216
-0.248 0.240
-0.209 0.288
-0.179 0.252
-0.161 0.300
-0.144 0.341
-0.106 0.323
-0.077 0.300
-0.117 0.270
-0.073 0.209
-0.034 0.189
-0.017 0.166
0.006 0.210
0.017 0.251
0.042 0.262
0.053 0.305
0.062 0.351
0.017 0.354
0.002 0.312
-0.030 0.253
-0.110 0.367
-0.129 0.406
-0.095 0.411
-0.086 0.450
-0.130 0.459
-0.112 0.519
-0.076 0.497
-0.073 0.541
-0.069 0.583
-0.106 0.583
-0.114 0.628
-0.114 0.670
-0.069 0.670
-0.066 0.623
-0.158 0.645
-0.203 0.656
-0.244 0.669
-0.293 0.670
-0.293 0.631
-0.249 0.620
-0.250 0.579
-0.211 0.569
-0.202 0.608
-0.214 0.527
-0.253 0.537
-0.259 0.482
-0.223 0.470
-0.214 0.415
-0.239 0.383
-0.192 0.362
-0.166 0.392
-0.276 0.425
-0.354 0.444
-0.356 0.413
-0.382 0.413
-0.390 0.453
-0.435 0.453
-0.427 0.413
-0.472 0.413
-0.479 0.453
-0.524 0.453
-0.517 0.413
-0.562 0.413
-0.569 0.453
-0.614 0.453
-0.606 0.413
-0.651 0.410
-0.659 0.453
-0.703 0.453
-0.711 0.544
-0.756 0.544
-0.800 0.544
-0.848 0.528
-0.845 0.567
-0.890 0.591
-0.890 0.634
-0.890 0.678
-0.890 0.721
-0.864 0.721
-0.844 0.749
-0.800 0.748
-0.756 0.748
-0.711 0.748
-0.666 0.748
-0.621 0.748
-0.577 0.748
-0.533 0.749
-0.494 0.721
-0.487 0.765
-0.446 0.765
-0.450 0.721
-0.446 0.678
-0.487 0.678
-0.487 0.634
-0.446 0.634
-0.446 0.591
-0.487 0.591
-0.493 0.531
-0.532 0.548
-0.577 0.544
-0.621 0.544
-0.666 0.544
-0.666 0.641
-0.621 0.641
-0.577 0.641
-0.532 0.644
-0.450 0.533
-0.435 0.314
-0.405 0.314
-0.479 0.314
-0.524 0.314
-0.569 0.314
-0.614 0.313
-0.659 0.323
-0.659 0.279
-0.651 0.232
-0.659 0.366
-0.786 0.240
-0.786 0.199
-0.828 0.221
-0.840 0.255
-0.881 0.243
-0.894 0.278
-0.940 0.281
-0.912 0.326
-0.898 0.365
-0.863 0.332
-0.838 0.352
-0.926 0.211
-0.970 0.227
-1.013 0.197
-0.972 0.168
-0.946 0.167
-0.935 0.533
-0.890 0.533
-0.935 0.591
-0.935 0.634
-0.935 0.678
-0.935 0.721
-0.935 0.765
-0.890 0.765
-0.845 0.660
-0.845 0.628
-0.800 0.641
-0.756 0.641
-0.711 0.641
-0.222 0.725
-0.177 0.744
-0.173 0.787
-0.216 0.779
-0.181 0.695
-0.017 0.732
0.024 0.741
0.043 0.707
0.043 0.663
0.043 0.620
0.043 0.576
0.043 0.533
0.091 0.529
0.083 0.484
0.077 0.446
0.075 0.399
0.031 0.423
0.038 0.479
0.088 0.576
0.088 0.620
0.088 0.663
0.088 0.707
0.073 0.750
0.121 0.738
0.136 0.713
0.165 0.736
0.204 0.738
0.230 0.707
0.277 0.702
0.301 0.710
0.289 0.750
0.252 0.750
0.272 0.654
0.260 0.620
0.233 0.648
0.211 0.609
0.195 0.560
0.190 0.504
0.237 0.517
0.285 0.524
0.327 0.504
0.327 0.547
0.252 0.571
0.282 0.465
0.282 0.422
0.282 0.378
0.282 0.335
0.323 0.330
0.329 0.370
0.327 0.417
0.327 0.460
0.282 0.291
0.282 0.248
0.318 0.229
0.282 0.205
0.271 0.178
0.237 0.176
0.240 0.224
0.196 0.214
0.185 0.182
0.149 0.184
0.133 0.231
0.325 0.281
0.420 0.219
0.461 0.249
0.504 0.223
0.536 0.240
0.545 0.284
0.588 0.272
0.614 0.234
0.655 0.224
0.687 0.247
0.726 0.270
0.762 0.242
0.786 0.204
0.827 0.222
0.827 0.181
0.872 0.182
0.872 0.223
0.916 0.221
0.916 0.182
0.961 0.175
0.964 0.214
1.004 0.194
1.036 0.203
1.052 0.249
1.008 0.256
1.023 0.314
1.067 0.335
1.028 0.372
0.965 0.453
0.984 0.475
1.013 0.498
1.028 0.528
1.055 0.529
0.985 0.532
0.941 0.489
0.936 0.428
0.896 0.446
0.896 0.394
0.864 0.360
0.823 0.353
0.808 0.316
0.775 0.316
0.775 0.359
0.760 0.402
0.760 0.446
0.750 0.486
0.752 0.533
0.752 0.576
0.745 0.620
0.745 0.663
0.790 0.663
0.790 0.620
0.833 0.615
0.878 0.637
0.894 0.610
0.939 0.616
0.924 0.656
0.969 0.663
1.013 0.663
1.058 0.662
1.066 0.619
1.028 0.620
0.984 0.620
0.919 0.704
0.950 0.728
0.909 0.750
0.864 0.734
0.874 0.693
0.836 0.666
0.823 0.751
0.864 0.778
0.700 0.663
0.700 0.620
0.655 0.618
0.655 0.662
0.610 0.663
0.567 0.667
0.521 0.663
0.521 0.620
0.476 0.620
0.476 0.663
0.433 0.643
0.413 0.616
0.566 0.618
0.610 0.620
0.633 0.576
0.651 0.536
0.625 0.533
0.627 0.485
0.613 0.442
0.608 0.398
0.602 0.352
0.579 0.334
0.529 0.348
0.554 0.390
0.569 0.434
0.582 0.508
0.588 0.575
0.595 0.713
0.640 0.705
0.640 0.749
0.640 0.792
0.597 0.773
0.797 0.576
0.797 0.533
0.797 0.489
0.804 0.440
0.804 0.396
0.852 0.410
0.733 0.330
0.687 0.296
0.643 0.274
0.500 0.293
0.462 0.186
0.470 0.167
0.804 0.270
1.223 0.161
1.264 0.162
1.282 0.217
1.293 0.258
1.300 0.297
1.323 0.308
1.254 0.280
1.236 0.220
1.312 -0.358
1.312 -0.401
1.312 -0.445
1.357 -0.445
1.357 -0.401
1.357 -0.358
1.372 -0.488
1.372 -0.532
1.327 -0.532
1.327 -0.488
1.282 -0.488
1.282 -0.532
1.237 -0.532
1.237 -0.488
1.193 -0.488
1.193 -0.532
1.148 -0.532
1.148 -0.488
1.006 -0.438
0.969 -0.438
0.969 -0.394
1.006 -0.396
0.924 -0.394
0.924 -0.435
0.879 -0.434
0.879 -0.394
0.834 -0.394
0.834 -0.435
0.790 -0.438
0.790 -0.394
0.745 -0.394
0.745 -0.436
0.760 -0.481
0.760 -0.524
0.760 -0.568
0.760 -0.611
0.807 -0.615
0.797 -0.655
0.797 -0.698
0.791 -0.746
0.777 -0.789
0.732 -0.797
0.710 -0.849
0.756 -0.855
0.781 -0.837
0.756 -0.901
0.729 -0.922
0.687 -0.900
0.645 -0.943
0.682 -0.959
0.700 -0.982
0.604 -0.881
0.613 -0.834
0.645 -0.845
0.607 -0.784
0.569 -0.797
0.525 -0.786
0.539 -0.756
0.582 -0.723
0.622 -0.737
0.633 -0.696
0.637 -0.655
0.599 -0.667
0.606 -0.619
0.645 -0.616
0.648 -0.568
0.610 -0.568
0.603 -0.524
0.603 -0.481
0.648 -0.481
0.650 -0.528
0.554 -0.514
0.558 -0.471
0.517 -0.479
0.472 -0.481
0.424 -0.499
0.469 -0.534
0.468 -0.572
0.507 -0.575
0.505 -0.609
0.461 -0.614
0.457 -0.665
0.495 -0.662
0.493 -0.721
0.478 -0.766
0.440 -0.725
0.364 -0.716
0.334 -0.716
0.289 -0.716
0.245 -0.716
0.200 -0.716
0.155 -0.716
0.110 -0.716
0.068 -0.703
0.058 -0.742
0.058 -0.785
0.058 -0.829
0.058 -0.872
0.013 -0.872
0.013 -0.829
0.013 -0.785
0.013 -0.742
0.021 -0.698
-0.026 -0.715
-0.069 -0.716
-0.114 -0.716
-0.155 -0.710
-0.181 -0.738
-0.207 -0.710
-0.248 -0.716
-0.293 -0.716
-0.211 -0.613
-0.166 -0.613
-0.121 -0.608
-0.076 -0.608
-0.032 -0.608
0.013 -0.608
0.058 -0.608
0.103 -0.608
0.148 -0.608
0.192 -0.596
0.225 -0.616
0.267 -0.613
0.274 -0.553
0.237 -0.553
0.237 -0.510
0.274 -0.510
0.274 -0.467
0.237 -0.467
0.260 -0.423
0.286 -0.423
0.274 -0.380
0.237 -0.380
0.215 -0.422
0.189 -0.392
0.148 -0.398
0.103 -0.398
0.058 -0.398
0.013 -0.398
-0.032 -0.398
-0.076 -0.398
-0.121 -0.398
-0.166 -0.380
-0.166 -0.423
-0.166 -0.467
-0.166 -0.510
-0.166 -0.553
-0.211 -0.553
-0.211 -0.510
-0.211 -0.467
-0.211 -0.423
-0.211 -0.380
-0.121 -0.508
-0.076 -0.508
-0.032 -0.508
0.013 -0.508
0.058 -0.508
0.103 -0.508
0.148 -0.508
0.192 -0.501
0.495 -0.421
0.536 -0.407
0.543 -0.364
0.498 -0.362
0.513 -0.535
0.700 -0.415
0.804 -0.481
0.804 -0.524
0.804 -0.568
0.911 -0.584
0.954 -0.568
0.980 -0.564
0.976 -0.521
0.931 -0.518
0.954 -0.481
0.995 -0.477
1.043 -0.604
1.043 -0.648
1.043 -0.691
1.043 -0.734
1.043 -0.778
1.040 -0.821
0.999 -0.815
1.002 -0.853
0.987 -0.889
1.030 -0.919
1.042 -0.870
0.997 -0.958
0.958 -0.967
0.943 -0.931
0.909 -0.966
0.864 -0.966
0.849 -0.920
0.894 -0.923
0.999 -0.772
0.999 -0.728
0.999 -0.685
1.000 -0.625
0.954 -0.629
0.906 -0.645
0.755 -0.665
0.748 -0.722
0.561 -0.849
0.515 -0.859
0.545 -0.894
0.506 -0.930
0.476 -0.898
0.433 -0.934
0.461 -0.968
0.390 -0.925
0.340 -0.952
0.297 -0.955
0.252 -0.955
0.207 -0.955
0.163 -0.955
0.118 -0.955
0.070 -0.972
0.031 -0.969
0.028 -0.915
-0.013 -0.930
-0.024 -0.963
-0.059 -0.946
-0.069 -0.908
-0.106 -0.940
-0.117 -0.896
-0.151 -0.905
-0.170 -0.876
-0.150 -0.836
-0.151 -0.792
-0.121 -0.796
-0.193 -0.808
-0.217 -0.872
-0.246 -0.924
-0.202 -0.936
-0.218 -0.973
-0.248 -0.982
-0.289 -0.952
-0.513 -0.895
-0.547 -0.887
-0.539 -0.843
-0.509 -0.843
-0.509 -0.800
-0.539 -0.800
-0.539 -0.756
-0.509 -0.756
-0.509 -0.713
-0.539 -0.713
-0.539 -0.669
-0.509 -0.669
-0.524 -0.626
-0.524 -0.582
-0.569 -0.582
-0.610 -0.569
-0.588 -0.535
-0.547 -0.539
-0.513 -0.539
-0.502 -0.510
-0.502 -0.467
-0.457 -0.481
-0.457 -0.524
-0.412 -0.524
-0.371 -0.524
-0.371 -0.481
-0.412 -0.481
-0.509 -0.409
-0.539 -0.409
-0.539 -0.365
-0.509 -0.365
-0.584 -0.365
-0.584 -0.409
-0.547 -0.452
-0.547 -0.495
-0.590 -0.474
-0.636 -0.481
-0.636 -0.524
-0.681 -0.524
-0.681 -0.481
-0.726 -0.481
-0.726 -0.524
-0.771 -0.524
-0.771 -0.481
-0.815 -0.481
-0.815 -0.524
-0.860 -0.524
-0.860 -0.481
-0.905 -0.481
-0.905 -0.524
-0.950 -0.524
-0.950 -0.481
-0.995 -0.481
-0.995 -0.524
-1.080 -0.556
-1.114 -0.553
-1.114 -0.597
-1.080 -0.598
-1.159 -0.597
-1.159 -0.555
-1.204 -0.553
-1.204 -0.597
-1.248 -0.597
-1.248 -0.553
-1.295 -0.543
-1.338 -0.539
-1.338 -0.582
-1.338 -0.626
-1.312 -0.626
-1.293 -0.593
-1.312 -0.664
-1.363 -0.673
-1.356 -0.717
-1.348 -0.760
-1.338 -0.800
-1.338 -0.843
-1.289 -0.850
-1.306 -0.885
-1.282 -0.927
-1.246 -0.960
-1.232 -0.921
-1.186 -0.932
-1.158 -0.971
-1.202 -0.985
-1.116 -0.945
-1.088 -0.915
-1.096 -0.863
-1.073 -0.850
-1.129 -0.821
-1.142 -0.885
-1.256 -0.874
-1.248 -0.821
-1.290 -0.803
-1.301 -0.762
-1.308 -0.718
-1.247 -0.763
-1.210 -0.780
-1.202 -0.721
-1.161 -0.742
-1.123 -0.691
-1.166 -0.678
-1.148 -0.488
-1.180 -0.477
-1.211 -0.447
-1.166 -0.427
-1.125 -0.455
-1.213 -0.397
-1.252 -0.416
-1.304 -0.459
-1.330 -0.452
-1.330 -0.409
-1.338 -0.365
-1.312 -0.365
-1.383 -0.363
-1.375 -0.409
-1.375 -0.452
-1.375 -0.495
-1.330 -0.495
-1.380 -0.559
-1.428 -0.553
-1.428 -0.597
-1.472 -0.597
-1.472 -0.553
-1.517 -0.549
-1.517 -0.592
-1.536 -0.611
-1.562 -0.611
-1.562 -0.568
-1.562 -0.524
-1.607 -0.538
-1.607 -0.581
-1.607 -0.625
-1.607 -0.668
-1.562 -0.655
-1.536 -0.655
-1.554 -0.698
-1.544 -0.740
-1.502 -0.756
-1.472 -0.754
-1.454 -0.724
-1.424 -0.702
-1.424 -0.749
-1.502 -0.713
-1.551 -0.785
-1.551 -0.829
-1.562 -0.872
-1.569 -0.915
-1.530 -0.917
-1.517 -0.888
-1.469 -0.915
-1.442 -0.951
-1.398 -0.930
-1.425 -0.894
-1.381 -0.871
-1.353 -0.898
-1.566 -0.966
-1.604 -0.986
-1.617 -0.967
-1.656 -0.941
-1.663 -0.978
-1.700 -0.967
-1.719 -0.933
-1.612 -0.902
-1.604 -0.840
-1.592 -0.807
-1.589 -0.763
-1.634 -0.784
-1.640 -0.739
-1.689 -0.734
-1.731 -0.746
-1.725 -0.792
-1.685 -0.786
-1.597 -0.715
-1.651 -0.600
-1.649 -0.558
-1.696 -0.553
-1.696 -0.597
-1.741 -0.576
-1.711 -0.448
-1.719 -0.407
-1.671 -0.420
-1.666 -0.447
-1.623 -0.448
-1.629 -0.401
-1.581 -0.413
-1.537 -0.398
-1.534 -0.435
-1.543 -0.481
-1.572 -0.468
-1.604 -0.492
-1.487 -0.428
-1.495 -0.387
-1.455 -0.398
-1.439 -0.430
-1.383 -0.615
-1.006 -0.861
-0.962 -0.845
-0.917 -0.820
-0.875 -0.845
-0.849 -0.839
-0.830 -0.818
-0.804 -0.803
-0.786 -0.781
-0.759 -0.763
-0.741 -0.738
-0.703 -0.718
-0.694 -0.696
-0.739 -0.677
-0.694 -0.636
-0.655 -0.659
-0.616 -0.620
-0.569 -0.626
-0.584 -0.669
-0.584 -0.713
-0.584 -0.756
-0.584 -0.800
-0.584 -0.843
-0.590 -0.908
-0.633 -0.940
-0.636 -0.985
-0.594 -0.972
-0.562 -0.970
-0.544 -0.943
-0.521 -0.930
-0.680 -0.965
-0.696 -0.926
-0.742 -0.925
-0.724 -0.977
-0.890 -0.870
-0.920 -0.875
-0.935 -0.899
-0.968 -0.901
-0.872 -0.791
-0.829 -0.759
-0.784 -0.720
-0.657 -0.590
0.103 -0.832
0.148 -0.832
0.192 -0.832
0.237 -0.832
0.282 -0.832
0.311 -0.829
0.316 -0.854
0.073 -0.922
1.143 -0.929
1.180 -0.965
1.214 -0.941
1.241 -0.901
1.282 -0.883
1.273 -0.849
1.308 -0.847
1.306 -0.799
1.321 -0.753
1.278 -0.734
1.293 -0.680
1.338 -0.662
1.345 -0.624
1.352 -0.580
1.305 -0.575
1.300 -0.629
1.336 -0.708
1.255 -0.789
1.224 -0.846
1.187 -0.895
1.329 -0.895
1.372 -0.910
1.349 -0.937
1.413 -0.895
1.376 -0.864
1.420 -0.842
1.463 -0.814
1.506 -0.792
1.506 -0.836
1.532 -0.836
1.521 -0.882
1.479 -0.915
1.502 -0.947
1.545 -0.932
1.543 -0.972
1.588 -0.966
1.588 -0.923
1.633 -0.923
1.633 -0.966
1.674 -0.967
1.682 -0.931
1.722 -0.957
1.723 -0.895
1.765 -0.905
1.737 -0.834
1.785 -0.820
1.771 -0.785
1.745 -0.778
1.693 -0.687
1.725 -0.654
1.730 -0.610
1.760 -0.622
1.687 -0.626
1.648 -0.672
1.648 -0.713
1.641 -0.738
1.605 -0.713
1.561 -0.731
1.514 -0.749
1.514 -0.705
1.514 -0.662
1.514 -0.619
1.514 -0.575
1.506 -0.532
1.506 -0.488
1.461 -0.488
1.461 -0.532
1.469 -0.575
1.469 -0.619
1.469 -0.662
1.469 -0.705
1.469 -0.749
1.553 -0.791
1.594 -0.775
1.459 -0.877
1.417 -0.532
1.417 -0.488
1.554 -0.484
1.551 -0.532
1.596 -0.543
1.596 -0.510
1.641 -0.493
1.638 -0.536
1.685 -0.532
1.685 -0.488
1.730 -0.488
1.730 -0.532
1.775 -0.531
1.775 -0.488
1.670 -0.421
1.642 -0.442
1.626 -0.400
1.581 -0.415
1.581 -0.371
1.540 -0.395
1.599 -0.458
-1.450 0.720
-1.454 0.759
-1.493 0.744
-1.539 0.757
-1.532 0.715
-1.536 0.670
-1.558 0.647
-1.607 0.663
-1.623 0.703
-1.666 0.704
-1.674 0.743
-1.719 0.743
-1.711 0.700
-1.629 0.750
-1.582 0.746
-1.574 0.697
-1.607 0.620
