-1.261 0.648
-1.235 0.674
-1.207 0.678
-1.180 0.677
-1.153 0.671
-1.126 0.660
-1.101 0.666
-1.115 0.689
-1.088 0.692
-1.060 0.708
-1.033 0.720
-1.005 0.730
-0.978 0.730
-0.973 0.742
-0.946 0.735
-0.919 0.733
-0.892 0.733
-0.874 0.767
-0.853 0.801
-0.870 0.819
-0.883 0.844
-0.908 0.864
-0.935 0.845
-0.956 0.820
-0.974 0.783
-0.999 0.760
-1.022 0.784
-1.045 0.809
-1.071 0.832
-1.099 0.848
-1.125 0.830
-1.129 0.785
-1.126 0.755
-1.120 0.721
-1.143 0.635
-1.163 0.609
-1.181 0.576
-1.188 0.537
-1.206 0.541
-1.229 0.568
-1.250 0.599
-1.199 0.491
-1.203 0.454
-1.196 0.419
-1.185 0.379
-1.163 0.345
-1.145 0.310
-1.124 0.281
-1.102 0.252
-1.079 0.221
-1.055 0.199
-1.046 0.174
-1.024 0.159
-1.012 0.134
-0.989 0.116
-0.980 0.091
-0.959 0.076
-0.948 0.052
-0.927 0.028
-0.905 -0.004
-0.884 -0.034
-0.866 -0.065
-0.850 -0.094
-0.833 -0.127
-0.819 -0.167
-0.811 -0.197
-0.799 -0.226
-0.789 -0.260
-0.785 -0.297
-0.774 -0.346
-0.770 -0.397
-0.767 -0.432
-0.740 -0.424
-0.728 -0.392
-0.717 -0.363
-0.705 -0.333
-0.694 -0.303
-0.678 -0.272
-0.664 -0.231
-0.647 -0.198
-0.629 -0.179
-0.556 -0.047
-0.528 -0.060
-0.501 -0.072
-0.474 -0.083
-0.446 -0.093
-0.419 -0.104
-0.392 -0.112
-0.364 -0.121
-0.337 -0.131
-0.310 -0.138
-0.283 -0.146
-0.255 -0.155
-0.228 -0.161
-0.201 -0.168
-0.173 -0.173
-0.146 -0.179
-0.119 -0.184
-0.094 -0.189
-0.056 -0.201
-0.050 -0.220
0.002 -0.227
-0.005 -0.186
-0.056 -0.163
-0.059 -0.081
-0.085 -0.079
-0.114 -0.072
-0.141 -0.064
-0.168 -0.054
-0.196 -0.041
-0.223 -0.025
-0.249 -0.011
-0.269 0.008
-0.293 0.028
-0.316 0.059
-0.337 0.092
-0.350 0.121
-0.360 0.155
-0.366 0.186
-0.369 0.215
-0.371 0.254
-0.355 0.261
-0.355 0.300
-0.339 0.341
-0.322 0.369
-0.300 0.398
-0.277 0.418
-0.263 0.441
-0.290 0.444
-0.318 0.450
-0.345 0.452
-0.372 0.454
-0.399 0.457
-0.427 0.456
-0.454 0.457
-0.480 0.469
-0.492 0.449
-0.507 0.459
-0.531 0.436
-0.525 0.389
-0.508 0.358
-0.490 0.330
-0.467 0.309
-0.451 0.291
-0.426 0.277
-0.399 0.260
-0.427 0.494
-0.400 0.496
-0.372 0.497
-0.345 0.497
-0.318 0.495
-0.291 0.493
-0.263 0.491
-0.236 0.489
-0.209 0.485
-0.181 0.481
-0.154 0.475
-0.127 0.471
-0.100 0.465
-0.072 0.457
-0.045 0.451
-0.018 0.443
0.010 0.434
0.037 0.426
0.064 0.418
0.092 0.407
0.119 0.397
0.146 0.385
0.174 0.372
0.201 0.358
0.228 0.343
0.256 0.325
0.283 0.304
0.256 0.285
0.281 0.271
0.307 0.279
0.301 0.249
0.322 0.235
0.321 0.208
0.306 0.204
0.300 0.164
0.295 0.129
0.279 0.093
0.261 0.060
0.239 0.028
0.213 0.002
0.186 -0.020
0.159 -0.034
0.132 -0.049
0.104 -0.060
0.077 -0.069
0.050 -0.075
0.023 -0.080
-0.005 -0.083
-0.032 -0.083
-0.070 -0.046
-0.082 -0.014
-0.089 0.021
-0.090 0.053
-0.087 0.095
-0.081 0.140
-0.070 0.171
-0.060 0.203
-0.050 0.233
-0.031 0.260
-0.014 0.278
0.010 0.381
-0.017 0.389
-0.045 0.396
-0.072 0.403
-0.099 0.410
-0.127 0.417
-0.154 0.421
-0.181 0.428
-0.208 0.433
-0.236 0.438
-0.454 0.489
-0.460 0.681
-0.486 0.685
-0.511 0.696
-0.535 0.701
-0.544 0.722
-0.568 0.732
-0.593 0.755
-0.589 0.772
-0.611 0.781
-0.629 0.814
-0.614 0.822
-0.639 0.842
-0.649 0.866
-0.627 0.877
-0.647 0.892
-0.627 0.914
-0.646 0.934
-0.634 0.975
-0.607 0.964
-0.588 0.991
-0.558 0.997
-0.542 1.012
-0.532 0.991
-0.505 0.982
-0.484 0.990
-0.464 0.982
-0.454 0.999
-0.429 0.991
-0.403 0.994
-0.377 1.006
-0.349 1.021
-0.320 1.022
-0.329 0.986
-0.304 0.982
-0.296 0.954
-0.279 0.959
-0.268 0.925
-0.285 0.913
-0.265 0.893
-0.280 0.863
-0.262 0.858
-0.265 0.828
-0.279 0.826
-0.289 0.808
-0.275 0.802
-0.286 0.773
-0.301 0.769
-0.308 0.735
-0.324 0.738
-0.351 0.714
-0.379 0.698
-0.406 0.688
-0.433 0.682
-0.467 0.921
-0.439 0.924
-0.412 0.931
-0.385 0.942
-0.358 0.960
-0.339 0.960
-0.373 1.043
-0.347 1.051
-0.380 1.074
-0.407 1.085
-0.435 1.092
-0.462 1.099
-0.487 1.090
-0.514 1.086
-0.522 1.063
-0.542 1.076
-0.552 1.054
-0.570 1.057
-0.597 1.038
-0.619 1.012
-0.569 1.017
-0.510 1.019
-0.482 1.024
-0.456 1.039
-0.429 1.031
-0.400 1.028
-0.407 1.055
-0.435 1.062
-0.462 1.069
-0.489 1.056
-0.556 0.942
-0.547 0.924
-0.521 0.923
-0.494 0.918
-0.579 0.944
-0.743 1.052
-0.764 1.061
-0.787 1.081
-0.837 1.029
-0.814 1.005
-0.794 0.997
-0.824 0.939
-0.824 0.909
-0.831 0.871
-0.841 0.836
-0.912 0.691
-0.928 0.654
-0.929 0.618
-0.944 0.621
-0.973 0.620
-1.000 0.610
-1.029 0.596
-1.056 0.579
-1.080 0.557
-1.102 0.533
-1.113 0.491
-1.102 0.450
-1.076 0.434
-1.048 0.424
-1.021 0.422
-0.994 0.424
-0.967 0.432
-0.942 0.432
-0.927 0.404
-0.916 0.368
-0.906 0.338
-0.894 0.308
-0.874 0.273
-0.857 0.238
-0.839 0.208
-0.818 0.178
-0.796 0.148
-0.773 0.119
-0.749 0.096
-0.733 0.074
-0.711 0.059
-0.691 0.037
-0.665 0.021
-0.638 0.002
-0.610 -0.016
-0.583 -0.033
-0.325 -0.363
-0.298 -0.347
-0.272 -0.334
-0.244 -0.325
-0.216 -0.317
-0.189 -0.312
-0.162 -0.317
-0.137 -0.318
-0.107 -0.318
-0.081 -0.326
-0.054 -0.335
-0.025 -0.346
0.003 -0.359
0.029 -0.371
0.052 -0.388
0.076 -0.400
0.097 -0.418
0.120 -0.432
0.141 -0.455
0.164 -0.467
0.173 -0.492
0.197 -0.506
0.204 -0.528
0.226 -0.549
0.248 -0.580
0.269 -0.614
0.287 -0.649
0.299 -0.686
0.314 -0.688
0.315 -0.720
0.331 -0.725
0.332 -0.761
0.347 -0.769
0.348 -0.802
0.355 -0.834
0.369 -0.837
0.365 -0.871
0.375 -0.902
0.909 -0.934
0.926 -0.928
0.916 -0.893
0.915 -0.866
0.915 -0.836
0.915 -0.801
0.925 -0.760
0.910 -0.749
0.919 -0.711
0.904 -0.696
0.899 -0.659
0.893 -0.625
0.897 -0.595
0.883 -0.585
0.876 -0.550
0.865 -0.514
0.854 -0.484
0.843 -0.457
0.842 -0.428
0.827 -0.423
0.810 -0.386
0.809 -0.349
0.793 -0.345
0.765 -0.358
0.739 -0.376
0.822 -0.316
0.848 -0.295
0.873 -0.276
0.899 -0.257
0.928 -0.235
0.954 -0.213
0.983 -0.189
1.010 -0.166
1.036 -0.141
1.060 -0.110
1.084 -0.084
1.102 -0.051
1.119 -0.019
1.136 0.011
1.148 0.046
1.157 0.085
1.163 0.118
1.162 0.146
1.167 0.168
1.167 0.198
1.169 0.237
1.156 0.263
1.149 0.295
1.134 0.333
1.118 0.372
1.096 0.393
1.095 0.425
1.080 0.424
1.087 0.456
1.087 0.481
1.087 0.511
1.077 0.543
1.051 0.558
1.024 0.551
0.995 0.536
0.970 0.514
0.944 0.491
0.969 0.477
0.997 0.472
1.024 0.459
1.051 0.442
1.144 0.392
1.172 0.393
1.199 0.385
1.220 0.360
1.236 0.328
1.237 0.300
1.220 0.287
1.194 0.261
1.024 0.213
1.004 0.241
0.991 0.265
0.967 0.284
0.943 0.310
0.915 0.326
0.888 0.340
0.861 0.350
0.834 0.357
0.806 0.356
0.781 0.368
0.774 0.320
0.763 0.294
0.763 0.268
0.755 0.226
0.775 0.204
0.741 0.195
0.726 0.159
0.709 0.127
0.693 0.096
0.676 0.065
0.654 0.033
0.628 -0.001
0.601 -0.033
0.573 -0.061
0.546 -0.085
0.518 -0.107
0.492 -0.123
0.465 -0.142
0.437 -0.155
0.410 -0.169
0.383 -0.182
0.356 -0.192
0.328 -0.203
0.301 -0.210
0.274 -0.218
0.247 -0.223
0.220 -0.228
0.192 -0.231
0.165 -0.232
0.138 -0.232
0.110 -0.230
0.083 -0.228
0.056 -0.226
-0.353 -0.384
-0.378 -0.409
-0.401 -0.437
-0.422 -0.465
-0.439 -0.493
-0.454 -0.523
-0.455 -0.556
-0.470 -0.556
-0.472 -0.588
-0.486 -0.590
-0.497 -0.619
-0.509 -0.650
-0.520 -0.684
-0.515 -0.717
-0.529 -0.724
-0.537 -0.755
-0.525 -0.791
-0.542 -0.806
-0.539 -0.840
-0.815 -0.790
-0.830 -0.798
-0.824 -0.745
-0.809 -0.739
-0.813 -0.698
-0.808 -0.658
-0.797 -0.622
-0.787 -0.583
-0.776 -0.544
-0.764 -0.519
-0.767 -0.492
-0.750 -0.494
-0.745 -0.459
-0.767 -0.462
-0.939 0.467
-0.945 0.506
-0.948 0.535
-0.945 0.576
-0.752 1.148
-0.735 1.182
-0.718 1.212
-0.697 1.242
-0.675 1.270
-0.652 1.299
-0.626 1.326
-0.599 1.354
-0.572 1.379
-0.547 1.402
-0.518 1.424
-0.491 1.446
-0.464 1.461
-0.438 1.478
-0.409 1.494
-0.382 1.507
-0.355 1.518
-0.327 1.527
-0.300 1.535
-0.273 1.542
-0.246 1.548
-0.218 1.552
-0.191 1.556
-0.164 1.558
-0.137 1.559
-0.109 1.559
-0.082 1.560
-0.055 1.558
-0.027 1.555
-0.000 1.551
0.027 1.546
0.054 1.541
0.082 1.536
0.109 1.529
0.136 1.521
0.164 1.513
0.191 1.504
0.218 1.494
0.246 1.484
0.273 1.473
0.300 1.459
0.327 1.446
0.355 1.431
0.382 1.418
0.409 1.401
0.437 1.383
0.464 1.366
0.490 1.345
0.520 1.322
0.546 1.299
0.571 1.276
0.597 1.247
0.621 1.226
0.640 1.201
0.662 1.174
0.687 1.147
0.694 1.123
0.715 1.099
0.733 1.066
0.749 1.032
0.760 0.992
0.776 0.957
0.788 0.917
0.800 0.877
0.804 0.843
0.810 0.810
0.816 0.765
0.819 0.713
0.819 0.677
0.817 0.636
0.843 0.618
0.868 0.596
0.882 0.568
0.893 0.530
0.888 0.492
0.915 0.490
0.860 0.489
0.833 0.483
0.807 0.480
0.794 0.461
0.791 0.419
0.806 0.518
0.811 0.562
0.813 0.600
0.510 0.681
0.490 0.678
0.497 0.697
0.508 0.723
0.490 0.745
0.507 0.753
0.496 0.790
0.477 0.786
0.476 0.821
0.452 0.830
0.424 0.833
0.427 0.868
0.455 0.866
0.428 0.897
0.399 0.891
0.400 0.919
0.373 0.906
0.373 0.936
0.346 0.949
0.319 0.956
0.291 0.963
0.266 0.952
0.238 0.947
0.212 0.946
0.204 0.922
0.183 0.930
0.156 0.912
0.157 0.881
0.182 0.888
0.183 0.862
0.208 0.848
0.232 0.838
0.239 0.859
0.266 0.862
0.292 0.872
0.319 0.865
0.319 0.839
0.291 0.834
0.264 0.831
0.259 0.762
0.287 0.760
0.314 0.763
0.341 0.770
0.368 0.782
0.395 0.801
0.414 0.799
0.371 0.870
0.346 0.889
0.319 0.896
0.291 0.902
0.291 0.933
0.319 0.926
0.346 0.919
0.344 0.854
0.264 0.917
0.253 0.901
0.231 0.921
0.210 0.878
0.129 0.891
0.108 0.859
0.092 0.826
0.118 0.822
0.138 0.830
0.146 0.798
0.170 0.795
0.179 0.776
0.205 0.772
0.232 0.764
0.101 0.785
0.081 0.796
0.094 0.753
0.074 0.741
0.081 0.701
0.099 0.698
0.086 0.664
0.110 0.655
0.097 0.636
0.123 0.621
0.115 0.602
0.143 0.589
0.137 0.574
0.163 0.550
0.187 0.538
0.197 0.518
0.220 0.513
0.241 0.500
0.266 0.496
0.293 0.490
0.320 0.493
0.348 0.497
0.375 0.507
0.402 0.522
0.418 0.523
0.430 0.550
0.451 0.546
0.458 0.578
0.473 0.582
0.475 0.607
0.489 0.607
0.486 0.641
0.502 0.641
0.228 0.299
0.201 0.313
0.174 0.324
0.146 0.334
0.119 0.345
0.092 0.355
0.064 0.364
0.037 0.372
0.791 0.169
0.812 0.145
0.839 0.124
0.867 0.107
0.895 0.093
0.922 0.085
0.949 0.081
0.976 0.085
1.006 0.096
1.029 0.125
1.036 0.170
